00000100000010010000000000000101
00000100000010100000000000000000
00000100000011110000000000000001
00000001010000000010000000000001
00000001001000000010100000000001
10000100000000000000000000001101
00000000010000000101000000000001
00001001001010010000000000000001
00100101001010110000000000000001
10000001111010110000000000000001
10000100000000000000000000000011
01000100000010100000000000000000
10000100000000000000000000010000
00000000100001010010000000000001
00000000100000000001000000000001
10000100000000000000000000000110
